epoch,loss
10.0,0.006331090327223146
10.0,0.006331090327223146
10.0,0.006331090327223146
10.0,0.006331090327223146
10.0,0.006331090327223146
10.0,0.006331090327223146
10.0,0.006331090327223146
10.0,0.006331090327223146
10.0,0.006331090327223146
10.0,0.006331090327223146
10.0,0.006331090327223146
10.0,0.006331090327223146
10.0,0.006331090327223146
10.0,0.006331090327223146
10.0,0.006331090327223146
10.0,0.006331090327223146
10.0,0.006331090327223146
10.0,0.006331090327223146
10.0,0.006331090327223146
10.0,0.006331090327223146
10.0,0.006331090327223146
10.0,0.006331090327223146
10.0,0.006331090327223146
10.0,0.006331090327223146
10.0,0.006331090327223146
10.0,0.006331090327223146
10.0,0.006331090327223146
10.0,0.006331090327223146
10.0,0.006331090327223146
10.0,0.006331090327223146
10.0,0.006331090327223146
10.0,0.006331090327223146
10.0,0.006331090327223146
10.0,0.006331090327223146
10.0,0.006331090327223146
10.0,0.006331090327223146
10.0,0.006331090327223146
10.0,0.006331090327223146
10.0,0.006331090327223146
10.0,0.006331090327223146
10.0,0.006331090327223146
10.0,0.006331090327223146
10.0,0.006331090327223146
10.0,0.006331090327223146
10.0,0.006331090327223146
10.0,0.006331090327223146
10.0,0.006331090327223146
10.0,0.006331090327223146
10.0,0.006331090327223146
10.0,0.006331090327223146
10.0,0.006331090327223146
10.0,0.006331090327223146
10.0,0.006331090327223146
10.0,0.006331090327223146
10.0,0.006331090327223146
10.0,0.006331090327223146
10.0,0.006331090327223146
10.0,0.006331090327223146
10.0,0.006331090327223146
10.0,0.006331090327223146
10.0,0.006331090327223146
10.0,0.006331090327223146
10.0,0.006331090327223146
10.0,0.006331090327223146
10.0,0.006331090327223146
10.0,0.006331090327223146
10.0,0.006331090327223146
10.0,0.006331090327223146
10.0,0.006331090327223146
10.0,0.006331090327223146
10.0,0.006331090327223146
10.0,0.006331090327223146
10.0,0.006331090327223146
10.0,0.006331090327223146
10.0,0.006331090327223146
10.0,0.006331090327223146
10.0,0.006331090327223146
10.0,0.006331090327223146
10.0,0.006331090327223146
10.0,0.006331090327223146
10.0,0.006331090327223146
10.0,0.006331090327223146
10.0,0.006331090327223146
10.0,0.006331090327223146
10.0,0.006331090327223146
20.0,0.005947995086016009
20.0,0.005947995086016009
20.0,0.005947995086016009
20.0,0.005947995086016009
20.0,0.005947995086016009
20.0,0.005947995086016009
20.0,0.005947995086016009
20.0,0.005947995086016009
20.0,0.005947995086016009
20.0,0.005947995086016009
20.0,0.005947995086016009
20.0,0.005947995086016009
20.0,0.005947995086016009
20.0,0.005947995086016009
20.0,0.005947995086016009
20.0,0.005947995086016009
20.0,0.005947995086016009
20.0,0.005947995086016009
20.0,0.005947995086016009
20.0,0.005947995086016009
20.0,0.005947995086016009
20.0,0.005947995086016009
20.0,0.005947995086016009
20.0,0.005947995086016009
20.0,0.005947995086016009
20.0,0.005947995086016009
20.0,0.005947995086016009
20.0,0.005947995086016009
20.0,0.005947995086016009
20.0,0.005947995086016009
20.0,0.005947995086016009
20.0,0.005947995086016009
20.0,0.005947995086016009
20.0,0.005947995086016009
20.0,0.005947995086016009
20.0,0.005947995086016009
20.0,0.005947995086016009
20.0,0.005947995086016009
20.0,0.005947995086016009
20.0,0.005947995086016009
20.0,0.005947995086016009
20.0,0.005947995086016009
20.0,0.005947995086016009
20.0,0.005947995086016009
20.0,0.005947995086016009
20.0,0.005947995086016009
20.0,0.005947995086016009
20.0,0.005947995086016009
20.0,0.005947995086016009
20.0,0.005947995086016009
20.0,0.005947995086016009
20.0,0.005947995086016009
20.0,0.005947995086016009
20.0,0.005947995086016009
20.0,0.005947995086016009
20.0,0.005947995086016009
20.0,0.005947995086016009
20.0,0.005947995086016009
20.0,0.005947995086016009
20.0,0.005947995086016009
20.0,0.005947995086016009
20.0,0.005947995086016009
20.0,0.005947995086016009
20.0,0.005947995086016009
20.0,0.005947995086016009
20.0,0.005947995086016009
20.0,0.005947995086016009
20.0,0.005947995086016009
20.0,0.005947995086016009
20.0,0.005947995086016009
20.0,0.005947995086016009
20.0,0.005947995086016009
20.0,0.005947995086016009
20.0,0.005947995086016009
20.0,0.005947995086016009
20.0,0.005947995086016009
20.0,0.005947995086016009
20.0,0.005947995086016009
20.0,0.005947995086016009
20.0,0.005947995086016009
20.0,0.005947995086016009
20.0,0.005947995086016009
20.0,0.005947995086016009
20.0,0.005947995086016009
20.0,0.005947995086016009
30.0,0.0058377819299874805
30.0,0.0058377819299874805
30.0,0.0058377819299874805
30.0,0.0058377819299874805
30.0,0.0058377819299874805
30.0,0.0058377819299874805
30.0,0.0058377819299874805
30.0,0.0058377819299874805
30.0,0.0058377819299874805
30.0,0.0058377819299874805
30.0,0.0058377819299874805
30.0,0.0058377819299874805
30.0,0.0058377819299874805
30.0,0.0058377819299874805
30.0,0.0058377819299874805
30.0,0.0058377819299874805
30.0,0.0058377819299874805
30.0,0.0058377819299874805
30.0,0.0058377819299874805
30.0,0.0058377819299874805
30.0,0.0058377819299874805
30.0,0.0058377819299874805
30.0,0.0058377819299874805
30.0,0.0058377819299874805
30.0,0.0058377819299874805
30.0,0.0058377819299874805
30.0,0.0058377819299874805
30.0,0.0058377819299874805
30.0,0.0058377819299874805
30.0,0.0058377819299874805
30.0,0.0058377819299874805
30.0,0.0058377819299874805
30.0,0.0058377819299874805
30.0,0.0058377819299874805
30.0,0.0058377819299874805
30.0,0.0058377819299874805
30.0,0.0058377819299874805
30.0,0.0058377819299874805
30.0,0.0058377819299874805
30.0,0.0058377819299874805
30.0,0.0058377819299874805
30.0,0.0058377819299874805
30.0,0.0058377819299874805
30.0,0.0058377819299874805
30.0,0.0058377819299874805
30.0,0.0058377819299874805
30.0,0.0058377819299874805
30.0,0.0058377819299874805
30.0,0.0058377819299874805
30.0,0.0058377819299874805
30.0,0.0058377819299874805
30.0,0.0058377819299874805
30.0,0.0058377819299874805
30.0,0.0058377819299874805
30.0,0.0058377819299874805
30.0,0.0058377819299874805
30.0,0.0058377819299874805
30.0,0.0058377819299874805
30.0,0.0058377819299874805
30.0,0.0058377819299874805
30.0,0.0058377819299874805
30.0,0.0058377819299874805
30.0,0.0058377819299874805
30.0,0.0058377819299874805
30.0,0.0058377819299874805
30.0,0.0058377819299874805
30.0,0.0058377819299874805
30.0,0.0058377819299874805
30.0,0.0058377819299874805
30.0,0.0058377819299874805
30.0,0.0058377819299874805
30.0,0.0058377819299874805
30.0,0.0058377819299874805
30.0,0.0058377819299874805
30.0,0.0058377819299874805
30.0,0.0058377819299874805
30.0,0.0058377819299874805
30.0,0.0058377819299874805
30.0,0.0058377819299874805
30.0,0.0058377819299874805
30.0,0.0058377819299874805
30.0,0.0058377819299874805
30.0,0.0058377819299874805
30.0,0.0058377819299874805
30.0,0.0058377819299874805
40.0,0.0057740383110028186
40.0,0.0057740383110028186
40.0,0.0057740383110028186
40.0,0.0057740383110028186
40.0,0.0057740383110028186
40.0,0.0057740383110028186
40.0,0.0057740383110028186
40.0,0.0057740383110028186
40.0,0.0057740383110028186
40.0,0.0057740383110028186
40.0,0.0057740383110028186
40.0,0.0057740383110028186
40.0,0.0057740383110028186
40.0,0.0057740383110028186
40.0,0.0057740383110028186
40.0,0.0057740383110028186
40.0,0.0057740383110028186
40.0,0.0057740383110028186
40.0,0.0057740383110028186
40.0,0.0057740383110028186
40.0,0.0057740383110028186
40.0,0.0057740383110028186
40.0,0.0057740383110028186
40.0,0.0057740383110028186
40.0,0.0057740383110028186
40.0,0.0057740383110028186
40.0,0.0057740383110028186
40.0,0.0057740383110028186
40.0,0.0057740383110028186
40.0,0.0057740383110028186
40.0,0.0057740383110028186
40.0,0.0057740383110028186
40.0,0.0057740383110028186
40.0,0.0057740383110028186
40.0,0.0057740383110028186
40.0,0.0057740383110028186
40.0,0.0057740383110028186
40.0,0.0057740383110028186
40.0,0.0057740383110028186
40.0,0.0057740383110028186
40.0,0.0057740383110028186
40.0,0.0057740383110028186
40.0,0.0057740383110028186
40.0,0.0057740383110028186
40.0,0.0057740383110028186
40.0,0.0057740383110028186
40.0,0.0057740383110028186
40.0,0.0057740383110028186
40.0,0.0057740383110028186
40.0,0.0057740383110028186
40.0,0.0057740383110028186
40.0,0.0057740383110028186
40.0,0.0057740383110028186
40.0,0.0057740383110028186
40.0,0.0057740383110028186
40.0,0.0057740383110028186
40.0,0.0057740383110028186
40.0,0.0057740383110028186
40.0,0.0057740383110028186
40.0,0.0057740383110028186
40.0,0.0057740383110028186
40.0,0.0057740383110028186
40.0,0.0057740383110028186
40.0,0.0057740383110028186
40.0,0.0057740383110028186
40.0,0.0057740383110028186
40.0,0.0057740383110028186
40.0,0.0057740383110028186
40.0,0.0057740383110028186
40.0,0.0057740383110028186
40.0,0.0057740383110028186
40.0,0.0057740383110028186
40.0,0.0057740383110028186
40.0,0.0057740383110028186
40.0,0.0057740383110028186
40.0,0.0057740383110028186
40.0,0.0057740383110028186
40.0,0.0057740383110028186
40.0,0.0057740383110028186
40.0,0.0057740383110028186
40.0,0.0057740383110028186
40.0,0.0057740383110028186
40.0,0.0057740383110028186
40.0,0.0057740383110028186
40.0,0.0057740383110028186
50.0,0.005752428064136026
50.0,0.005752428064136026
50.0,0.005752428064136026
50.0,0.005752428064136026
50.0,0.005752428064136026
50.0,0.005752428064136026
50.0,0.005752428064136026
50.0,0.005752428064136026
50.0,0.005752428064136026
50.0,0.005752428064136026
50.0,0.005752428064136026
50.0,0.005752428064136026
50.0,0.005752428064136026
50.0,0.005752428064136026
50.0,0.005752428064136026
50.0,0.005752428064136026
50.0,0.005752428064136026
50.0,0.005752428064136026
50.0,0.005752428064136026
50.0,0.005752428064136026
50.0,0.005752428064136026
50.0,0.005752428064136026
50.0,0.005752428064136026
50.0,0.005752428064136026
50.0,0.005752428064136026
50.0,0.005752428064136026
50.0,0.005752428064136026
50.0,0.005752428064136026
50.0,0.005752428064136026
50.0,0.005752428064136026
50.0,0.005752428064136026
50.0,0.005752428064136026
50.0,0.005752428064136026
50.0,0.005752428064136026
50.0,0.005752428064136026
50.0,0.005752428064136026
50.0,0.005752428064136026
50.0,0.005752428064136026
50.0,0.005752428064136026
50.0,0.005752428064136026
50.0,0.005752428064136026
50.0,0.005752428064136026
50.0,0.005752428064136026
50.0,0.005752428064136026
50.0,0.005752428064136026
50.0,0.005752428064136026
50.0,0.005752428064136026
50.0,0.005752428064136026
50.0,0.005752428064136026
50.0,0.005752428064136026
50.0,0.005752428064136026
50.0,0.005752428064136026
50.0,0.005752428064136026
50.0,0.005752428064136026
50.0,0.005752428064136026
50.0,0.005752428064136026
50.0,0.005752428064136026
50.0,0.005752428064136026
50.0,0.005752428064136026
50.0,0.005752428064136026
50.0,0.005752428064136026
50.0,0.005752428064136026
50.0,0.005752428064136026
50.0,0.005752428064136026
50.0,0.005752428064136026
50.0,0.005752428064136026
50.0,0.005752428064136026
50.0,0.005752428064136026
50.0,0.005752428064136026
50.0,0.005752428064136026
50.0,0.005752428064136026
50.0,0.005752428064136026
50.0,0.005752428064136026
50.0,0.005752428064136026
50.0,0.005752428064136026
50.0,0.005752428064136026
50.0,0.005752428064136026
50.0,0.005752428064136026
50.0,0.005752428064136026
50.0,0.005752428064136026
50.0,0.005752428064136026
50.0,0.005752428064136026
50.0,0.005752428064136026
50.0,0.005752428064136026
50.0,0.005752428064136026
60.0,0.005652104782727064
60.0,0.005652104782727064
60.0,0.005652104782727064
60.0,0.005652104782727064
60.0,0.005652104782727064
60.0,0.005652104782727064
60.0,0.005652104782727064
60.0,0.005652104782727064
60.0,0.005652104782727064
60.0,0.005652104782727064
60.0,0.005652104782727064
60.0,0.005652104782727064
60.0,0.005652104782727064
60.0,0.005652104782727064
60.0,0.005652104782727064
60.0,0.005652104782727064
60.0,0.005652104782727064
60.0,0.005652104782727064
60.0,0.005652104782727064
60.0,0.005652104782727064
60.0,0.005652104782727064
60.0,0.005652104782727064
60.0,0.005652104782727064
60.0,0.005652104782727064
60.0,0.005652104782727064
60.0,0.005652104782727064
60.0,0.005652104782727064
60.0,0.005652104782727064
60.0,0.005652104782727064
60.0,0.005652104782727064
60.0,0.005652104782727064
60.0,0.005652104782727064
60.0,0.005652104782727064
60.0,0.005652104782727064
60.0,0.005652104782727064
60.0,0.005652104782727064
60.0,0.005652104782727064
60.0,0.005652104782727064
60.0,0.005652104782727064
60.0,0.005652104782727064
60.0,0.005652104782727064
60.0,0.005652104782727064
60.0,0.005652104782727064
60.0,0.005652104782727064
60.0,0.005652104782727064
60.0,0.005652104782727064
60.0,0.005652104782727064
60.0,0.005652104782727064
60.0,0.005652104782727064
60.0,0.005652104782727064
60.0,0.005652104782727064
60.0,0.005652104782727064
60.0,0.005652104782727064
60.0,0.005652104782727064
60.0,0.005652104782727064
60.0,0.005652104782727064
60.0,0.005652104782727064
60.0,0.005652104782727064
60.0,0.005652104782727064
60.0,0.005652104782727064
60.0,0.005652104782727064
60.0,0.005652104782727064
60.0,0.005652104782727064
60.0,0.005652104782727064
60.0,0.005652104782727064
60.0,0.005652104782727064
60.0,0.005652104782727064
60.0,0.005652104782727064
60.0,0.005652104782727064
60.0,0.005652104782727064
60.0,0.005652104782727064
60.0,0.005652104782727064
60.0,0.005652104782727064
60.0,0.005652104782727064
60.0,0.005652104782727064
60.0,0.005652104782727064
60.0,0.005652104782727064
60.0,0.005652104782727064
60.0,0.005652104782727064
60.0,0.005652104782727064
60.0,0.005652104782727064
60.0,0.005652104782727064
60.0,0.005652104782727064
60.0,0.005652104782727064
60.0,0.005652104782727064
70.0,0.00564558206187899
70.0,0.00564558206187899
70.0,0.00564558206187899
70.0,0.00564558206187899
70.0,0.00564558206187899
70.0,0.00564558206187899
70.0,0.00564558206187899
70.0,0.00564558206187899
70.0,0.00564558206187899
70.0,0.00564558206187899
70.0,0.00564558206187899
70.0,0.00564558206187899
70.0,0.00564558206187899
70.0,0.00564558206187899
70.0,0.00564558206187899
70.0,0.00564558206187899
70.0,0.00564558206187899
70.0,0.00564558206187899
70.0,0.00564558206187899
70.0,0.00564558206187899
70.0,0.00564558206187899
70.0,0.00564558206187899
70.0,0.00564558206187899
70.0,0.00564558206187899
70.0,0.00564558206187899
70.0,0.00564558206187899
70.0,0.00564558206187899
70.0,0.00564558206187899
70.0,0.00564558206187899
70.0,0.00564558206187899
70.0,0.00564558206187899
70.0,0.00564558206187899
70.0,0.00564558206187899
70.0,0.00564558206187899
70.0,0.00564558206187899
70.0,0.00564558206187899
70.0,0.00564558206187899
70.0,0.00564558206187899
70.0,0.00564558206187899
70.0,0.00564558206187899
70.0,0.00564558206187899
70.0,0.00564558206187899
70.0,0.00564558206187899
70.0,0.00564558206187899
70.0,0.00564558206187899
70.0,0.00564558206187899
70.0,0.00564558206187899
70.0,0.00564558206187899
70.0,0.00564558206187899
70.0,0.00564558206187899
70.0,0.00564558206187899
70.0,0.00564558206187899
70.0,0.00564558206187899
70.0,0.00564558206187899
70.0,0.00564558206187899
70.0,0.00564558206187899
70.0,0.00564558206187899
70.0,0.00564558206187899
70.0,0.00564558206187899
70.0,0.00564558206187899
70.0,0.00564558206187899
70.0,0.00564558206187899
70.0,0.00564558206187899
70.0,0.00564558206187899
70.0,0.00564558206187899
70.0,0.00564558206187899
70.0,0.00564558206187899
70.0,0.00564558206187899
70.0,0.00564558206187899
70.0,0.00564558206187899
70.0,0.00564558206187899
70.0,0.00564558206187899
70.0,0.00564558206187899
70.0,0.00564558206187899
70.0,0.00564558206187899
70.0,0.00564558206187899
70.0,0.00564558206187899
70.0,0.00564558206187899
70.0,0.00564558206187899
70.0,0.00564558206187899
70.0,0.00564558206187899
70.0,0.00564558206187899
70.0,0.00564558206187899
70.0,0.00564558206187899
70.0,0.00564558206187899
80.0,0.005649931856952264
80.0,0.005649931856952264
80.0,0.005649931856952264
80.0,0.005649931856952264
80.0,0.005649931856952264
80.0,0.005649931856952264
80.0,0.005649931856952264
80.0,0.005649931856952264
80.0,0.005649931856952264
80.0,0.005649931856952264
80.0,0.005649931856952264
80.0,0.005649931856952264
80.0,0.005649931856952264
80.0,0.005649931856952264
80.0,0.005649931856952264
80.0,0.005649931856952264
80.0,0.005649931856952264
80.0,0.005649931856952264
80.0,0.005649931856952264
80.0,0.005649931856952264
80.0,0.005649931856952264
80.0,0.005649931856952264
80.0,0.005649931856952264
80.0,0.005649931856952264
80.0,0.005649931856952264
80.0,0.005649931856952264
80.0,0.005649931856952264
80.0,0.005649931856952264
80.0,0.005649931856952264
80.0,0.005649931856952264
80.0,0.005649931856952264
80.0,0.005649931856952264
80.0,0.005649931856952264
80.0,0.005649931856952264
80.0,0.005649931856952264
80.0,0.005649931856952264
80.0,0.005649931856952264
80.0,0.005649931856952264
80.0,0.005649931856952264
80.0,0.005649931856952264
80.0,0.005649931856952264
80.0,0.005649931856952264
80.0,0.005649931856952264
80.0,0.005649931856952264
80.0,0.005649931856952264
80.0,0.005649931856952264
80.0,0.005649931856952264
80.0,0.005649931856952264
80.0,0.005649931856952264
80.0,0.005649931856952264
80.0,0.005649931856952264
80.0,0.005649931856952264
80.0,0.005649931856952264
80.0,0.005649931856952264
80.0,0.005649931856952264
80.0,0.005649931856952264
80.0,0.005649931856952264
80.0,0.005649931856952264
80.0,0.005649931856952264
80.0,0.005649931856952264
80.0,0.005649931856952264
80.0,0.005649931856952264
80.0,0.005649931856952264
80.0,0.005649931856952264
80.0,0.005649931856952264
80.0,0.005649931856952264
80.0,0.005649931856952264
80.0,0.005649931856952264
80.0,0.005649931856952264
80.0,0.005649931856952264
80.0,0.005649931856952264
80.0,0.005649931856952264
80.0,0.005649931856952264
80.0,0.005649931856952264
80.0,0.005649931856952264
80.0,0.005649931856952264
80.0,0.005649931856952264
80.0,0.005649931856952264
80.0,0.005649931856952264
80.0,0.005649931856952264
80.0,0.005649931856952264
80.0,0.005649931856952264
80.0,0.005649931856952264
80.0,0.005649931856952264
80.0,0.005649931856952264
90.0,0.0056488211702393105
90.0,0.0056488211702393105
90.0,0.0056488211702393105
90.0,0.0056488211702393105
90.0,0.0056488211702393105
90.0,0.0056488211702393105
90.0,0.0056488211702393105
90.0,0.0056488211702393105
90.0,0.0056488211702393105
90.0,0.0056488211702393105
90.0,0.0056488211702393105
90.0,0.0056488211702393105
90.0,0.0056488211702393105
90.0,0.0056488211702393105
90.0,0.0056488211702393105
90.0,0.0056488211702393105
90.0,0.0056488211702393105
90.0,0.0056488211702393105
90.0,0.0056488211702393105
90.0,0.0056488211702393105
90.0,0.0056488211702393105
90.0,0.0056488211702393105
90.0,0.0056488211702393105
90.0,0.0056488211702393105
90.0,0.0056488211702393105
90.0,0.0056488211702393105
90.0,0.0056488211702393105
90.0,0.0056488211702393105
90.0,0.0056488211702393105
90.0,0.0056488211702393105
90.0,0.0056488211702393105
90.0,0.0056488211702393105
90.0,0.0056488211702393105
90.0,0.0056488211702393105
90.0,0.0056488211702393105
90.0,0.0056488211702393105
90.0,0.0056488211702393105
90.0,0.0056488211702393105
90.0,0.0056488211702393105
90.0,0.0056488211702393105
90.0,0.0056488211702393105
90.0,0.0056488211702393105
90.0,0.0056488211702393105
90.0,0.0056488211702393105
90.0,0.0056488211702393105
90.0,0.0056488211702393105
90.0,0.0056488211702393105
90.0,0.0056488211702393105
90.0,0.0056488211702393105
90.0,0.0056488211702393105
90.0,0.0056488211702393105
90.0,0.0056488211702393105
90.0,0.0056488211702393105
90.0,0.0056488211702393105
90.0,0.0056488211702393105
90.0,0.0056488211702393105
90.0,0.0056488211702393105
90.0,0.0056488211702393105
90.0,0.0056488211702393105
90.0,0.0056488211702393105
90.0,0.0056488211702393105
90.0,0.0056488211702393105
90.0,0.0056488211702393105
90.0,0.0056488211702393105
90.0,0.0056488211702393105
90.0,0.0056488211702393105
90.0,0.0056488211702393105
90.0,0.0056488211702393105
90.0,0.0056488211702393105
90.0,0.0056488211702393105
90.0,0.0056488211702393105
90.0,0.0056488211702393105
90.0,0.0056488211702393105
90.0,0.0056488211702393105
90.0,0.0056488211702393105
90.0,0.0056488211702393105
90.0,0.0056488211702393105
90.0,0.0056488211702393105
90.0,0.0056488211702393105
90.0,0.0056488211702393105
90.0,0.0056488211702393105
90.0,0.0056488211702393105
90.0,0.0056488211702393105
90.0,0.0056488211702393105
90.0,0.0056488211702393105
100.0,0.005625166603480849
100.0,0.005625166603480849
100.0,0.005625166603480849
100.0,0.005625166603480849
100.0,0.005625166603480849
100.0,0.005625166603480849
100.0,0.005625166603480849
100.0,0.005625166603480849
100.0,0.005625166603480849
100.0,0.005625166603480849
100.0,0.005625166603480849
100.0,0.005625166603480849
100.0,0.005625166603480849
100.0,0.005625166603480849
100.0,0.005625166603480849
100.0,0.005625166603480849
100.0,0.005625166603480849
100.0,0.005625166603480849
100.0,0.005625166603480849
100.0,0.005625166603480849
100.0,0.005625166603480849
100.0,0.005625166603480849
100.0,0.005625166603480849
100.0,0.005625166603480849
100.0,0.005625166603480849
100.0,0.005625166603480849
100.0,0.005625166603480849
100.0,0.005625166603480849
100.0,0.005625166603480849
100.0,0.005625166603480849
100.0,0.005625166603480849
100.0,0.005625166603480849
100.0,0.005625166603480849
100.0,0.005625166603480849
100.0,0.005625166603480849
100.0,0.005625166603480849
100.0,0.005625166603480849
100.0,0.005625166603480849
100.0,0.005625166603480849
100.0,0.005625166603480849
100.0,0.005625166603480849
100.0,0.005625166603480849
100.0,0.005625166603480849
100.0,0.005625166603480849
100.0,0.005625166603480849
100.0,0.005625166603480849
100.0,0.005625166603480849
100.0,0.005625166603480849
100.0,0.005625166603480849
100.0,0.005625166603480849
100.0,0.005625166603480849
100.0,0.005625166603480849
100.0,0.005625166603480849
100.0,0.005625166603480849
100.0,0.005625166603480849
100.0,0.005625166603480849
100.0,0.005625166603480849
100.0,0.005625166603480849
100.0,0.005625166603480849
100.0,0.005625166603480849
100.0,0.005625166603480849
100.0,0.005625166603480849
100.0,0.005625166603480849
100.0,0.005625166603480849
100.0,0.005625166603480849
100.0,0.005625166603480849
100.0,0.005625166603480849
100.0,0.005625166603480849
100.0,0.005625166603480849
100.0,0.005625166603480849
100.0,0.005625166603480849
100.0,0.005625166603480849
100.0,0.005625166603480849
100.0,0.005625166603480849
100.0,0.005625166603480849
100.0,0.005625166603480849
100.0,0.005625166603480849
100.0,0.005625166603480849
100.0,0.005625166603480849
100.0,0.005625166603480849
100.0,0.005625166603480849
100.0,0.005625166603480849
100.0,0.005625166603480849
100.0,0.005625166603480849
100.0,0.005625166603480849
110.0,0.005607708152804157
110.0,0.005607708152804157
110.0,0.005607708152804157
110.0,0.005607708152804157
110.0,0.005607708152804157
110.0,0.005607708152804157
110.0,0.005607708152804157
110.0,0.005607708152804157
110.0,0.005607708152804157
110.0,0.005607708152804157
110.0,0.005607708152804157
110.0,0.005607708152804157
110.0,0.005607708152804157
110.0,0.005607708152804157
110.0,0.005607708152804157
110.0,0.005607708152804157
110.0,0.005607708152804157
110.0,0.005607708152804157
110.0,0.005607708152804157
110.0,0.005607708152804157
110.0,0.005607708152804157
110.0,0.005607708152804157
110.0,0.005607708152804157
110.0,0.005607708152804157
110.0,0.005607708152804157
110.0,0.005607708152804157
110.0,0.005607708152804157
110.0,0.005607708152804157
110.0,0.005607708152804157
110.0,0.005607708152804157
110.0,0.005607708152804157
110.0,0.005607708152804157
110.0,0.005607708152804157
110.0,0.005607708152804157
110.0,0.005607708152804157
110.0,0.005607708152804157
110.0,0.005607708152804157
110.0,0.005607708152804157
110.0,0.005607708152804157
110.0,0.005607708152804157
110.0,0.005607708152804157
110.0,0.005607708152804157
110.0,0.005607708152804157
110.0,0.005607708152804157
110.0,0.005607708152804157
110.0,0.005607708152804157
110.0,0.005607708152804157
110.0,0.005607708152804157
110.0,0.005607708152804157
110.0,0.005607708152804157
110.0,0.005607708152804157
110.0,0.005607708152804157
110.0,0.005607708152804157
110.0,0.005607708152804157
110.0,0.005607708152804157
110.0,0.005607708152804157
110.0,0.005607708152804157
110.0,0.005607708152804157
110.0,0.005607708152804157
110.0,0.005607708152804157
110.0,0.005607708152804157
110.0,0.005607708152804157
110.0,0.005607708152804157
110.0,0.005607708152804157
110.0,0.005607708152804157
110.0,0.005607708152804157
110.0,0.005607708152804157
110.0,0.005607708152804157
110.0,0.005607708152804157
110.0,0.005607708152804157
110.0,0.005607708152804157
110.0,0.005607708152804157
110.0,0.005607708152804157
110.0,0.005607708152804157
110.0,0.005607708152804157
110.0,0.005607708152804157
110.0,0.005607708152804157
110.0,0.005607708152804157
110.0,0.005607708152804157
110.0,0.005607708152804157
110.0,0.005607708152804157
110.0,0.005607708152804157
110.0,0.005607708152804157
110.0,0.005607708152804157
110.0,0.005607708152804157
120.0,0.005599423085064798
120.0,0.005599423085064798
120.0,0.005599423085064798
120.0,0.005599423085064798
120.0,0.005599423085064798
120.0,0.005599423085064798
120.0,0.005599423085064798
120.0,0.005599423085064798
120.0,0.005599423085064798
120.0,0.005599423085064798
120.0,0.005599423085064798
120.0,0.005599423085064798
120.0,0.005599423085064798
120.0,0.005599423085064798
120.0,0.005599423085064798
120.0,0.005599423085064798
120.0,0.005599423085064798
120.0,0.005599423085064798
120.0,0.005599423085064798
120.0,0.005599423085064798
120.0,0.005599423085064798
120.0,0.005599423085064798
120.0,0.005599423085064798
120.0,0.005599423085064798
120.0,0.005599423085064798
120.0,0.005599423085064798
120.0,0.005599423085064798
120.0,0.005599423085064798
120.0,0.005599423085064798
120.0,0.005599423085064798
120.0,0.005599423085064798
120.0,0.005599423085064798
120.0,0.005599423085064798
120.0,0.005599423085064798
120.0,0.005599423085064798
120.0,0.005599423085064798
120.0,0.005599423085064798
120.0,0.005599423085064798
120.0,0.005599423085064798
120.0,0.005599423085064798
120.0,0.005599423085064798
120.0,0.005599423085064798
120.0,0.005599423085064798
120.0,0.005599423085064798
120.0,0.005599423085064798
120.0,0.005599423085064798
120.0,0.005599423085064798
120.0,0.005599423085064798
120.0,0.005599423085064798
120.0,0.005599423085064798
120.0,0.005599423085064798
120.0,0.005599423085064798
120.0,0.005599423085064798
120.0,0.005599423085064798
120.0,0.005599423085064798
120.0,0.005599423085064798
120.0,0.005599423085064798
120.0,0.005599423085064798
120.0,0.005599423085064798
120.0,0.005599423085064798
120.0,0.005599423085064798
120.0,0.005599423085064798
120.0,0.005599423085064798
120.0,0.005599423085064798
120.0,0.005599423085064798
120.0,0.005599423085064798
120.0,0.005599423085064798
120.0,0.005599423085064798
120.0,0.005599423085064798
120.0,0.005599423085064798
120.0,0.005599423085064798
120.0,0.005599423085064798
120.0,0.005599423085064798
120.0,0.005599423085064798
120.0,0.005599423085064798
120.0,0.005599423085064798
120.0,0.005599423085064798
120.0,0.005599423085064798
120.0,0.005599423085064798
120.0,0.005599423085064798
120.0,0.005599423085064798
120.0,0.005599423085064798
120.0,0.005599423085064798
120.0,0.005599423085064798
120.0,0.005599423085064798
130.0,0.00558284806330687
130.0,0.00558284806330687
130.0,0.00558284806330687
130.0,0.00558284806330687
130.0,0.00558284806330687
130.0,0.00558284806330687
130.0,0.00558284806330687
130.0,0.00558284806330687
130.0,0.00558284806330687
130.0,0.00558284806330687
130.0,0.00558284806330687
130.0,0.00558284806330687
130.0,0.00558284806330687
130.0,0.00558284806330687
130.0,0.00558284806330687
130.0,0.00558284806330687
130.0,0.00558284806330687
130.0,0.00558284806330687
130.0,0.00558284806330687
130.0,0.00558284806330687
130.0,0.00558284806330687
130.0,0.00558284806330687
130.0,0.00558284806330687
130.0,0.00558284806330687
130.0,0.00558284806330687
130.0,0.00558284806330687
130.0,0.00558284806330687
130.0,0.00558284806330687
130.0,0.00558284806330687
130.0,0.00558284806330687
130.0,0.00558284806330687
130.0,0.00558284806330687
130.0,0.00558284806330687
130.0,0.00558284806330687
130.0,0.00558284806330687
130.0,0.00558284806330687
130.0,0.00558284806330687
130.0,0.00558284806330687
130.0,0.00558284806330687
130.0,0.00558284806330687
130.0,0.00558284806330687
130.0,0.00558284806330687
130.0,0.00558284806330687
130.0,0.00558284806330687
130.0,0.00558284806330687
130.0,0.00558284806330687
130.0,0.00558284806330687
130.0,0.00558284806330687
130.0,0.00558284806330687
130.0,0.00558284806330687
130.0,0.00558284806330687
130.0,0.00558284806330687
130.0,0.00558284806330687
130.0,0.00558284806330687
130.0,0.00558284806330687
130.0,0.00558284806330687
130.0,0.00558284806330687
130.0,0.00558284806330687
130.0,0.00558284806330687
130.0,0.00558284806330687
130.0,0.00558284806330687
130.0,0.00558284806330687
130.0,0.00558284806330687
130.0,0.00558284806330687
130.0,0.00558284806330687
130.0,0.00558284806330687
130.0,0.00558284806330687
130.0,0.00558284806330687
130.0,0.00558284806330687
130.0,0.00558284806330687
130.0,0.00558284806330687
130.0,0.00558284806330687
130.0,0.00558284806330687
130.0,0.00558284806330687
130.0,0.00558284806330687
130.0,0.00558284806330687
130.0,0.00558284806330687
130.0,0.00558284806330687
130.0,0.00558284806330687
130.0,0.00558284806330687
130.0,0.00558284806330687
130.0,0.00558284806330687
130.0,0.00558284806330687
130.0,0.00558284806330687
130.0,0.00558284806330687
140.0,0.005576136466567898
140.0,0.005576136466567898
140.0,0.005576136466567898
140.0,0.005576136466567898
140.0,0.005576136466567898
140.0,0.005576136466567898
140.0,0.005576136466567898
140.0,0.005576136466567898
140.0,0.005576136466567898
140.0,0.005576136466567898
140.0,0.005576136466567898
140.0,0.005576136466567898
140.0,0.005576136466567898
140.0,0.005576136466567898
140.0,0.005576136466567898
140.0,0.005576136466567898
140.0,0.005576136466567898
140.0,0.005576136466567898
140.0,0.005576136466567898
140.0,0.005576136466567898
140.0,0.005576136466567898
140.0,0.005576136466567898
140.0,0.005576136466567898
140.0,0.005576136466567898
140.0,0.005576136466567898
140.0,0.005576136466567898
140.0,0.005576136466567898
140.0,0.005576136466567898
140.0,0.005576136466567898
140.0,0.005576136466567898
140.0,0.005576136466567898
140.0,0.005576136466567898
140.0,0.005576136466567898
140.0,0.005576136466567898
140.0,0.005576136466567898
140.0,0.005576136466567898
140.0,0.005576136466567898
140.0,0.005576136466567898
140.0,0.005576136466567898
140.0,0.005576136466567898
140.0,0.005576136466567898
140.0,0.005576136466567898
140.0,0.005576136466567898
140.0,0.005576136466567898
140.0,0.005576136466567898
140.0,0.005576136466567898
140.0,0.005576136466567898
140.0,0.005576136466567898
140.0,0.005576136466567898
140.0,0.005576136466567898
140.0,0.005576136466567898
140.0,0.005576136466567898
140.0,0.005576136466567898
140.0,0.005576136466567898
140.0,0.005576136466567898
140.0,0.005576136466567898
140.0,0.005576136466567898
140.0,0.005576136466567898
140.0,0.005576136466567898
140.0,0.005576136466567898
140.0,0.005576136466567898
140.0,0.005576136466567898
140.0,0.005576136466567898
140.0,0.005576136466567898
140.0,0.005576136466567898
140.0,0.005576136466567898
140.0,0.005576136466567898
140.0,0.005576136466567898
140.0,0.005576136466567898
140.0,0.005576136466567898
140.0,0.005576136466567898
140.0,0.005576136466567898
140.0,0.005576136466567898
140.0,0.005576136466567898
140.0,0.005576136466567898
140.0,0.005576136466567898
140.0,0.005576136466567898
140.0,0.005576136466567898
140.0,0.005576136466567898
140.0,0.005576136466567898
140.0,0.005576136466567898
140.0,0.005576136466567898
140.0,0.005576136466567898
140.0,0.005576136466567898
140.0,0.005576136466567898
150.0,0.005634313754813992
150.0,0.005634313754813992
150.0,0.005634313754813992
150.0,0.005634313754813992
150.0,0.005634313754813992
150.0,0.005634313754813992
150.0,0.005634313754813992
150.0,0.005634313754813992
150.0,0.005634313754813992
150.0,0.005634313754813992
150.0,0.005634313754813992
150.0,0.005634313754813992
150.0,0.005634313754813992
150.0,0.005634313754813992
150.0,0.005634313754813992
150.0,0.005634313754813992
150.0,0.005634313754813992
150.0,0.005634313754813992
150.0,0.005634313754813992
150.0,0.005634313754813992
150.0,0.005634313754813992
150.0,0.005634313754813992
150.0,0.005634313754813992
150.0,0.005634313754813992
150.0,0.005634313754813992
150.0,0.005634313754813992
150.0,0.005634313754813992
150.0,0.005634313754813992
150.0,0.005634313754813992
150.0,0.005634313754813992
150.0,0.005634313754813992
150.0,0.005634313754813992
150.0,0.005634313754813992
150.0,0.005634313754813992
150.0,0.005634313754813992
150.0,0.005634313754813992
150.0,0.005634313754813992
150.0,0.005634313754813992
150.0,0.005634313754813992
150.0,0.005634313754813992
150.0,0.005634313754813992
150.0,0.005634313754813992
150.0,0.005634313754813992
150.0,0.005634313754813992
150.0,0.005634313754813992
150.0,0.005634313754813992
150.0,0.005634313754813992
150.0,0.005634313754813992
150.0,0.005634313754813992
150.0,0.005634313754813992
150.0,0.005634313754813992
150.0,0.005634313754813992
150.0,0.005634313754813992
150.0,0.005634313754813992
150.0,0.005634313754813992
150.0,0.005634313754813992
150.0,0.005634313754813992
150.0,0.005634313754813992
150.0,0.005634313754813992
150.0,0.005634313754813992
150.0,0.005634313754813992
150.0,0.005634313754813992
150.0,0.005634313754813992
150.0,0.005634313754813992
150.0,0.005634313754813992
150.0,0.005634313754813992
150.0,0.005634313754813992
150.0,0.005634313754813992
150.0,0.005634313754813992
150.0,0.005634313754813992
150.0,0.005634313754813992
150.0,0.005634313754813992
150.0,0.005634313754813992
150.0,0.005634313754813992
150.0,0.005634313754813992
150.0,0.005634313754813992
150.0,0.005634313754813992
150.0,0.005634313754813992
150.0,0.005634313754813992
150.0,0.005634313754813992
150.0,0.005634313754813992
150.0,0.005634313754813992
150.0,0.005634313754813992
150.0,0.005634313754813992
150.0,0.005634313754813992
